4.390071632201753005e+02
2.895094656300519205e+02
1.360144553786574591e+02
9.800850485517051425e+01
6.322223392999567437e+01
5.233340868625601416e+01
3.945593347881493429e+01
3.320123184531470173e+01
3.120213478333275248e+01
2.947045569306677137e+01
2.517248608751601324e+01
2.428704521239711411e+01
2.237564803913124933e+01
1.962269744247536352e+01
1.861854034267370750e+01
1.764728787861734105e+01
1.660165576238430774e+01
1.436630432583859651e+01
1.287465428914000753e+01
1.205970804516478445e+01
1.171225571679329924e+01
1.075334504148792369e+01
1.009160789794977298e+01
9.864060034165055058e+00
9.331934112192330488e+00
8.768626797433109132e+00
8.391725130079734640e+00
8.022866987307248010e+00
7.479118699012788696e+00
7.027721046450016829e+00
6.721631867525655224e+00
6.575616580112423115e+00
6.350483488765879869e+00
6.215652866417365807e+00
5.988518779608713594e+00
5.753670464277417906e+00
5.645368255417674064e+00
5.418383338359031853e+00
5.144546146145213328e+00
5.054386636333320304e+00
4.913546881949717893e+00
4.778098584125115345e+00
4.632124552771211157e+00
4.530046184024160816e+00
4.366136501046332441e+00
4.333538077461144944e+00
4.215496077379646600e+00
4.142592840782353569e+00
4.084898958115619649e+00
3.949465786259660938e+00
3.873003502217456262e+00
3.578235554762767556e+00
3.558343775637433648e+00
3.524144533040306726e+00
3.441531204220465323e+00
3.375347712261602684e+00
3.347911814984350087e+00
3.222917200468623289e+00
3.182363365810967348e+00
3.148089402553660321e+00
3.008906528873074748e+00
2.869214690229549447e+00
2.842789557746306706e+00
2.810528049957211394e+00
2.753930675940257533e+00
2.732113658683958057e+00
2.669882600107584825e+00
2.595315942518530594e+00
2.538146375948850508e+00
2.508982620810984887e+00
2.485531140577190268e+00
2.471600649278938189e+00
2.416100854332885906e+00
2.364793350686615891e+00
2.333811174843015035e+00
2.276179424371690185e+00
2.245050194397608667e+00
2.208523194498760223e+00
2.192328295245224989e+00
2.081474711261864119e+00
2.067325235735343991e+00
2.035550366367739450e+00
2.010160601634110478e+00
1.963784861155283057e+00
1.918637625010432668e+00
1.902885261593920241e+00
1.877698787293907046e+00
1.818982282555287266e+00
1.798062100622872972e+00
1.768948975803446233e+00
1.756072730563821960e+00
1.726893647454101011e+00
1.685080114207949009e+00
1.669603298775893085e+00
1.631942064018499394e+00
1.576364916188524701e+00
1.568777083024563757e+00
1.558934172262792517e+00
1.548505722681159824e+00
1.523079546086964831e+00
1.505749619003528439e+00
1.465472698735718726e+00
1.470849884581619138e+00
1.436359650614608130e+00
1.395409144920623845e+00
1.360055414705410470e+00
1.340898713799169029e+00
1.333974122274832919e+00
1.308810558409322367e+00
1.294347628733031108e+00
1.274521993601451353e+00
1.236275079836627766e+00
1.233696176414214030e+00
1.206872973949772554e+00
1.210003267574792929e+00
1.181999171023537354e+00
1.166513546389060130e+00
1.154289445568340122e+00
1.148176192261070927e+00
1.130396528930970756e+00
1.105504896647016233e+00
1.085178353698213582e+00
1.079695353800623758e+00
1.069842775915488264e+00
1.056315203560286298e+00
1.031707395687924134e+00
1.012471037583190236e+00
1.007004460538773127e+00
9.840444079002409472e-01
9.918321832042551467e-01
9.930678567888231445e-01
9.600275790948834542e-01
9.512720607007546514e-01
9.453013526123357213e-01
9.342696002123747068e-01
9.157851314856837455e-01
8.974804020981105301e-01
8.934060400376702127e-01
8.877389783629394682e-01
8.590984449575620463e-01
8.656225922412699170e-01
8.672564946391210228e-01
8.443710874124610299e-01
8.295162152842388004e-01
8.167283884638200098e-01
7.984833131870149314e-01
7.888729366455388137e-01
7.810318008838633697e-01
7.707750805634290270e-01
7.666122615229031823e-01
7.545635237482412050e-01
7.465608104057708250e-01
7.413191710174973359e-01
7.375585109391946670e-01
7.246763142902956645e-01
7.207631066816519994e-01
7.110102467076547805e-01
6.918885684388159651e-01
6.953615646235599135e-01
6.985560241776618273e-01
6.818675520648638244e-01
6.719015516867207216e-01
6.692253073282316000e-01
6.605470530868636780e-01
6.543499866012183475e-01
6.390649129429513131e-01
6.245473728618688991e-01
6.305959245025503090e-01
6.334451488781751571e-01
6.186456403128856030e-01
6.145795133307435654e-01
6.088314230539275673e-01
5.695749617569636492e-01
5.978567544286147450e-01
5.936431145902832940e-01
5.822824969356190650e-01
5.898869577141268028e-01
5.889316611022277215e-01
5.564000666878924362e-01
5.614917519457369721e-01
5.454859519069549245e-01
5.490451546872617827e-01
5.394609925830762265e-01
5.360963692421046867e-01
5.322049139317051036e-01
5.280297745681449273e-01
5.162604669853367856e-01
5.174389482829022668e-01
5.052845264005845216e-01
5.003763135019465569e-01
4.956644558401450129e-01
4.902036766932548750e-01
4.880768782493662417e-01
4.834348825044738618e-01
4.776767949795928114e-01
4.715299280741785948e-01
4.771003695408708167e-01
4.655499766676335360e-01
4.638557375954608930e-01
4.586584425364044759e-01
4.542701945385420603e-01
4.377890288388345819e-01
4.447992863848318490e-01
4.424116559090817691e-01
4.311309426045747961e-01
4.314055412415716551e-01
4.235466471516041720e-01
4.224583694317049498e-01
4.146404758405190516e-01
4.115293494887687364e-01
4.084556490850125843e-01
4.052301967290724560e-01
3.994214443085491451e-01
3.975120089765641351e-01
3.917596159543653700e-01
3.953044749957986825e-01
3.852642671692010357e-01
3.814428628176926295e-01
3.775600063352367863e-01
3.733668618517619331e-01
3.698522322735947054e-01
3.716422483006676103e-01
3.641463526309490217e-01
3.657930628027711850e-01
3.591859397724455061e-01
3.553651877075123533e-01
3.516859182300180464e-01
3.504759970931281554e-01
3.472773246229248767e-01
3.450585497697515880e-01
3.393744724673739555e-01
3.366017767275993333e-01
3.337222361544496252e-01
3.309697580444353471e-01
3.282035309615520258e-01
3.256841725112913366e-01
3.241133268782129262e-01
3.193896142949284034e-01
3.216588442523953817e-01
3.143943376451657223e-01
3.135118575325692714e-01
3.138593308514860403e-01
3.102588648780187364e-01
3.084080623098272578e-01
2.960680484836365478e-01
2.996930486844588959e-01
3.001236709547199788e-01
2.922193388998297614e-01
2.909662973230705552e-01
2.932525440119311821e-01
2.873061008224700452e-01
2.837152601176196054e-01
2.800991446314632372e-01
2.653688362355017261e-01
2.701834239450838226e-01
2.840511012018322456e-01
2.727070524883788982e-01
2.777245330691338054e-01
2.741042499926613085e-01
2.631958155304693348e-01
2.626218502803771004e-01
2.754255818330599292e-01
2.600833467181301595e-01
2.583220548238753800e-01
2.567983938812632982e-01
2.531574957998053987e-01
2.509224583120595597e-01
2.485079529068371929e-01
2.478666228806146454e-01
2.437658394210024670e-01
2.416664452923031337e-01
2.446557706488975692e-01
2.382692010202130950e-01
2.367775141530619187e-01
2.339853917642403247e-01
2.322011673745338622e-01
2.306482905612202705e-01
2.290780708323094106e-01
2.258539967550027561e-01
2.242107201898003166e-01
2.225272053297220054e-01
2.210048075677104040e-01
2.201186630706469249e-01
2.185840725415928998e-01
2.142319941486385548e-01
2.123818602657986110e-01
2.116685402010681227e-01
2.100965228931066242e-01
2.103842757363033611e-01
2.081586313113741316e-01
2.061341122261299563e-01
2.056371232064374832e-01
2.040602165866387263e-01
2.032747713236999210e-01
2.009177448668922616e-01
1.975185357043124923e-01
1.971971241209541925e-01
1.948363624585355280e-01
1.966421105852977080e-01
1.931882435871910275e-01
1.898212148552319567e-01
1.889248472151497382e-01
1.817665339855765172e-01
1.873262842017497931e-01
1.841698325324645502e-01
1.849343660157763969e-01
1.861796596401358306e-01
1.793041084372386240e-01
1.799935557702301292e-01
1.780112483704114623e-01
1.766988461593664017e-01
1.757553236004514297e-01
1.663445313843654738e-01
1.689846681059422318e-01
1.743629549317654848e-01
1.735870326598575042e-01
1.726123752834767267e-01
1.709956682854832100e-01
1.660149724931215542e-01
1.626235963581533495e-01
1.611352841975761951e-01
1.520719491373417331e-01
1.713052279274472900e-01
1.546157072080694972e-01
1.595620537703720532e-01
1.584578826201519242e-01
1.559033150665186940e-01
1.580436760525574524e-01
1.519746073373272333e-01
1.629221166605478999e-01
1.555761688793586284e-01
1.510212331754470783e-01
1.498974309334058508e-01
1.473419932681988842e-01
1.469968235137960044e-01
1.467956214458155662e-01
1.449073799783422156e-01
1.431575473717881797e-01
1.415055743202875693e-01
1.418194597211881736e-01
1.402082287362994284e-01
1.386514737211058113e-01
1.385627522966683123e-01
1.364481959232967667e-01
1.371300830512421354e-01
1.353260903414175154e-01
1.346354882016587706e-01
1.331387938668541771e-01
1.323234061073011170e-01
1.321971515593770297e-01
1.305172217612302343e-01
1.303133365842012170e-01
1.288441910507951704e-01
1.281096567072524117e-01
1.272280661459240514e-01
1.263340132480739175e-01
1.255272242665501359e-01
1.248150396934426670e-01
1.242273654162749791e-01
1.231920785277288988e-01
1.223095136422611279e-01
1.211071633009605797e-01
1.203398994818263290e-01
1.183926390219230962e-01
1.183498364169708467e-01
1.175329850870577980e-01
1.174534974599783094e-01
1.162355171844830504e-01
1.160745843119500437e-01
1.148067150110279044e-01
1.139750501007530253e-01
1.137944536387986566e-01
1.129604320934715495e-01
1.086125161795318816e-01
1.092129598969825005e-01
1.100338430650416172e-01
1.120217055479934137e-01
1.110202201146120171e-01
1.115415930545064632e-01
9.769489541799421251e-02
9.845013075451027051e-02
1.070299482629703952e-01
1.064973829804302247e-01
9.920851598144884986e-02
1.059159274829788999e-01
1.047090176452849380e-01
1.036696184995137271e-01
1.018154879161683041e-01
1.025543303826519509e-01
1.011564650624807160e-01
1.057986655357540523e-01
1.000516975205692771e-01
1.021667521275862883e-01
9.999241703641416346e-02
9.730861781327428128e-02
9.629843812927886548e-02
9.385693506952759446e-02
9.412864978664216287e-02
9.482211896310392685e-02
9.520965046960742917e-02
9.529300740003292247e-02
9.328546730668754727e-02
9.174353350746856928e-02
9.132313944008006723e-02
9.034205245602806855e-02
8.919430062670308246e-02
8.896222808519854697e-02
8.818087333813520723e-02
8.785987718147914016e-02
8.732132477378637403e-02
8.653208022379429987e-02
8.673748548233345401e-02
8.581725558190013425e-02
8.506430379304757983e-02
8.484381724563022642e-02
8.407349784457404662e-02
8.377909427960793243e-02
8.275056710257948367e-02
8.171058439437742238e-02
8.233915959419466080e-02
8.221173597929358479e-02
8.096862116592330738e-02
8.044944858604963223e-02
7.982352059171959890e-02
7.969061168385213612e-02
7.940323368458324094e-02
7.828271201582756578e-02
7.789653535264652595e-02
6.866283125439742729e-02
6.906849647923375690e-02
7.707866578287408954e-02
7.668920790886092631e-02
7.138834447395626948e-02
7.454663739948833023e-02
7.267040293307827636e-02
7.063377070778528721e-02
7.555327473291960361e-02
7.221607583104223960e-02
7.030225991950402042e-02
6.952749844975797400e-02
7.588403745675997847e-02
7.404673252281084028e-02
7.211715294071344151e-02
7.340401939209088844e-02
7.649085246944786753e-02
7.039427389674293711e-02
7.597727553477369444e-02
7.391556515682995432e-02
6.815124463091948304e-02
6.809360557667881730e-02
6.719075995317541627e-02
6.703864998499491079e-02
6.646735274367772395e-02
6.609174595277082787e-02
6.511415244422635862e-02
6.522101600713198222e-02
6.459334482895084939e-02
6.420395026073666411e-02
6.411095399478988766e-02
6.350209508441977124e-02
6.318138045144387760e-02
6.262739618256554786e-02
6.275394180228820173e-02
6.204704509599399259e-02
6.148648954853228044e-02
6.088004618068697943e-02
6.040312333438464104e-02
6.008418572325567586e-02
5.822333389503585310e-02
5.851132032398122934e-02
5.907016507968207431e-02
5.944406357630462739e-02
5.955506674499693592e-02
5.970398530000897014e-02
5.085606057406709402e-02
5.780454881851957577e-02
5.176036558700398971e-02
5.715736998219761444e-02
5.696352887696811557e-02
5.199546178250505357e-02
5.218361667284172195e-02
5.754413164675576536e-02
5.627847209943218076e-02
5.134378555167056629e-02
5.269899005596394292e-02
5.562375337860222396e-02
5.362914310592319100e-02
5.466119618730148899e-02
5.325649058300215705e-02
5.410458102236847394e-02
5.531615434303974177e-02
5.132563229132332261e-02
5.574735684846241629e-02
5.453803540993618082e-02
5.420091363737424006e-02
5.342675790380860268e-02
5.677001986396199018e-02
5.041174715734731554e-02
4.993338192801653752e-02
4.982939348322864420e-02
4.959273578131442872e-02
4.927920236212969540e-02
4.884635917050279136e-02
4.895956266940879043e-02
4.846164145237779469e-02
4.828154705588563050e-02
4.818637799103721309e-02
4.748528894765696035e-02
4.737131634653247991e-02
4.712174843446445549e-02
4.678732853016221577e-02
4.658959135884768732e-02
4.626619250555800283e-02
4.590568014708196892e-02
3.928427508887327030e-02
4.577935722468953750e-02
4.483548728478300299e-02
4.511297185020764211e-02
3.959767459784305915e-02
4.451735972139456154e-02
4.544151718183569305e-02
3.995514943145431208e-02
4.408510545134727843e-02
4.538949907766063468e-02
4.034059089081525051e-02
3.974054117180303436e-02
4.050138879775831702e-02
4.354304168392432450e-02
4.322603098641225605e-02
4.082049794139438331e-02
4.193971114196504840e-02
4.245477288827339407e-02
4.294127594388809366e-02
4.167030293660782536e-02
4.284337602142394841e-02
4.114490323042563347e-02
4.119470185266688872e-02
4.231658111615064360e-02
4.178886862086427650e-02
4.339866669170965030e-02
3.922165936140658421e-02
3.834508621004825701e-02
3.858161386458857506e-02
3.876619749890292815e-02
3.896316746041313117e-02
3.775349397640710702e-02
3.768722745036984234e-02
3.741382987576245128e-02
3.714553196826390902e-02
3.703119333519225287e-02
3.664283820612034004e-02
3.652596877198845821e-02
3.636757644996567451e-02
3.129466117088530036e-02
3.598915354717777820e-02
3.593946949580714700e-02
3.572570130301480629e-02
3.543366145166372549e-02
3.514514381006474120e-02
3.500609713488235519e-02
3.165627286337030499e-02
3.460704810138338916e-02
3.172837057444144460e-02
3.420082237993644220e-02
3.251871290071717963e-02
3.219596423658020040e-02
3.231752952903450826e-02
3.277974651017648983e-02
3.192602521038550439e-02
3.509945940519949154e-02
3.342914554629394103e-02
3.401949539682185691e-02
3.329714400043737310e-02
3.370232430879579327e-02
3.195442455482073313e-02
3.312299060095470760e-02
3.383637537643576637e-02
3.304891462455081252e-02
3.473343209645485957e-02
3.146303385560904331e-02
3.110834061108671070e-02
3.084778395131841308e-02
3.040710007926888253e-02
3.071829306657255024e-02
3.053537754710304239e-02
3.063709334217144462e-02
3.004455075863111599e-02
2.581148405600970988e-02
2.599347567805794165e-02
2.987119912011611256e-02
2.973050437776751653e-02
2.916545551280023962e-02
2.937261935478079067e-02
2.927484106121665611e-02
2.960038366320088751e-02
2.607868427966632263e-02
2.621273958454914746e-02
2.626391737729274339e-02
2.653353029308569422e-02
2.798306805648098292e-02
2.810132996858787438e-02
2.761397824636193168e-02
2.854779124990655323e-02
2.755042271019591052e-02
2.708531827180263654e-02
2.674313969968173527e-02
2.823238574170361392e-02
2.687059245542136252e-02
2.957230660473903275e-02
2.856612852894050217e-02
2.635528420986409798e-02
2.730112980660175451e-02
2.860165277795674241e-02
2.743686829680615225e-02
2.681151926595229731e-02
2.563811629817393939e-02
2.537482778348550821e-02
2.524026568614702593e-02
2.512513330430529712e-02
2.503849548509124931e-02
2.473689402682556840e-02
2.464760846887295229e-02
2.458429399446989544e-02
2.431511185431512248e-02
2.426455575906803427e-02
2.108747317356108805e-02
2.451276658770515024e-02
2.122405566187935549e-02
2.371008208392460723e-02
2.387916097613033972e-02
2.142566173370420365e-02
2.406502932527552693e-02
2.341110165576830437e-02
2.129677195732824352e-02
2.153811558411351801e-02
2.330874189156991599e-02
2.320230643713156599e-02
2.400585421921728677e-02
2.238327338288214480e-02
2.225291306683871775e-02
2.281088710754214724e-02
2.258238883928702020e-02
2.181478662169106589e-02
2.273384954815304768e-02
2.185897927097194340e-02
2.209604687063364964e-02
2.302426085395369373e-02
2.296629928541265783e-02
2.197721516537961411e-02
2.204065510861775642e-02
2.088029355099816145e-02
2.068505242527940782e-02
2.059333708147177353e-02
2.048649967323051824e-02
2.029954285053182234e-02
2.025538769826828664e-02
2.012891045614591951e-02
2.011138193871905497e-02
1.999570379028365111e-02
1.991959354066700355e-02
1.982089227044800048e-02
1.936364950639014870e-02
1.918123619841750199e-02
1.922597482305813191e-02
1.963596855775964420e-02
1.971488395241321676e-02
1.959609108164239027e-02
1.733630279417544204e-02
1.737333353716047704e-02
1.887678837132680462e-02
1.878067747421324069e-02
1.873809325982079069e-02
1.750355657476836135e-02
1.829403302765748862e-02
1.818934708525880156e-02
1.795940224105036995e-02
1.760743156906097520e-02
1.805429770129542838e-02
1.759817841385893228e-02
1.775640076694427055e-02
1.850286011612488693e-02
1.845062298345767626e-02
1.847156277956214440e-02
1.785754628365920915e-02
1.786210914201447758e-02
1.699174359925904876e-02
1.711963504577473927e-02
1.707530926824532905e-02
1.683609468142820836e-02
1.680058272480889833e-02
1.667909711521495600e-02
1.652602533059987361e-02
1.649907356689303897e-02
1.657063826990459732e-02
1.631832484742420236e-02
1.617007358771141781e-02
1.610443119100425299e-02
1.607611382597131863e-02
1.596594887108989877e-02
1.586997807378839886e-02
1.549695915946956888e-02
1.563984426540224182e-02
1.559119590566816760e-02
1.579863274145808238e-02
1.581301129571745234e-02
1.387805780894521557e-02
1.393745615517084230e-02
1.399715110518350882e-02
1.521537536825201715e-02
1.511113767253783984e-02
1.534645931615812899e-02
1.536453447916129832e-02
1.421895917110730170e-02
1.411969674697552586e-02
1.447938283510147653e-02
1.457900389436893492e-02
1.494113916165034500e-02
1.474595727975190965e-02
1.415495963059229707e-02
1.485670427250513487e-02
1.465319993010377048e-02
1.429471085731194406e-02
1.480119301252068136e-02
1.491773057847288302e-02
1.444715393631062703e-02
1.375690990629638982e-02
1.378186946778852014e-02
1.366648179474374246e-02
1.360337081479405519e-02
1.350264227628872153e-02
1.345995700831810124e-02
1.321066450206110493e-02
1.332426094949567229e-02
1.330036691732620381e-02
1.304521183734465295e-02
1.298452423664839782e-02
1.293742678666111139e-02
1.272197619950565968e-02
1.277657771760645246e-02
1.282552687559655562e-02
1.287975630688325233e-02
1.256901292952937801e-02
1.253405628333210779e-02
1.218131423206642722e-02
1.242683711045640231e-02
1.225698201355417821e-02
1.235217068950393918e-02
1.239623214616829283e-02
1.207759204955093611e-02
1.201926389041601054e-02
1.200539021573774484e-02
1.183624894158915794e-02
1.175025289610423518e-02
1.169432761444521088e-02
1.170811283791648415e-02
1.162141346926061011e-02
1.153468217854011768e-02
1.158280764814258526e-02
1.146885893302608365e-02
1.141987102717164151e-02
1.112819800996963163e-02
1.132537908864902215e-02
1.129158854912988563e-02
1.126747704596110788e-02
1.104174202392069551e-02
1.102392658805989925e-02
1.079591957957333134e-02
1.072051764734143278e-02
1.089685288151288206e-02
1.090408589077668591e-02
1.065424473819279877e-02
1.060792876580135546e-02
1.053726176072009198e-02
1.055269666021256547e-02
1.038993301666827490e-02
1.041568927452183463e-02
1.028089209776229807e-02
1.023968823863925619e-02
1.016800169982096623e-02
1.013606957859622057e-02
1.007406191086101903e-02
1.003207859879057598e-02
9.976824328672927872e-03
9.915737048948582155e-03
9.873736828419342818e-03
9.852773229016693196e-03
9.776271923314559797e-03
9.697887525371472542e-03
9.655806905459168865e-03
9.513376572706197173e-03
9.479304219614896609e-03
9.469948486798430293e-03
9.386872290409175104e-03
7.177574719611062512e-03
7.200829142544959947e-03
7.225657790003912895e-03
9.331660530632994444e-03
9.368345495330899705e-03
7.305832513670046553e-03
7.339397578480004458e-03
7.392526287978006851e-03
9.162199160675447984e-03
9.222942110252608724e-03
9.107844726700072002e-03
9.080880668584038334e-03
9.271548064415610982e-03
7.428947558787105977e-03
7.402012905958922813e-03
9.033374123107486275e-03
7.467385936502124108e-03
9.014573793670262875e-03
7.521314703456585815e-03
7.556503088365146802e-03
8.944365346051464521e-03
7.648244349301907066e-03
8.864946476438513925e-03
7.724338149451464089e-03
7.755291857616658339e-03
7.831496184366121618e-03
7.666550107251446713e-03
8.773254155893875361e-03
7.878671865768254248e-03
8.720504175598700961e-03
7.918563818274954730e-03
8.661721994772674654e-03
8.642246478423961167e-03
8.030666828329141929e-03
8.079490133361061713e-03
8.135821663263606909e-03
8.801223676365691265e-03
7.966423570642358273e-03
8.537958636999730747e-03
8.438236157809076571e-03
8.199343814269545450e-03
8.467954482234040653e-03
8.600154501527894346e-03
8.324211478998042382e-03
8.402499325720227605e-03
8.271534180167079697e-03
8.269044179663414054e-03
8.260676914562094242e-03
6.744524645005721582e-03
6.774492120961032871e-03
6.827280939223590202e-03
6.846283583106303576e-03
6.902050621901946459e-03
6.917004867284111749e-03
7.028375194848134923e-03
7.113679785173772710e-03
7.048112630856657318e-03
7.080742271238405980e-03
6.973151614615297374e-03
6.969562319742183577e-03
6.187774204524942173e-03
6.219637429732309715e-03
6.299649794960638163e-03
6.314824981336607593e-03
6.390825101226615783e-03
6.422248463919772582e-03
6.456693151936611190e-03
6.486838870567590218e-03
6.547814371924854521e-03
6.591982651378025873e-03
6.570873617313184589e-03
6.619327507145958411e-03
6.730544188898058416e-03
6.688353463723481669e-03
5.537770588157228668e-03
5.555362150921770194e-03
5.615982384493625572e-03
5.625163278042059727e-03
5.677855214894487502e-03
6.114653919910925488e-03
5.708040407111046426e-03
6.079003217683018670e-03
5.995857704641327328e-03
5.876415678741306499e-03
5.942712685523230363e-03
5.741616360847485306e-03
5.828450193000073165e-03
5.796944077912686774e-03
6.030919507043326633e-03
6.058397557475103494e-03
5.759366483655426611e-03
5.959955111395376717e-03
5.777309450776348110e-03
6.150413912059143895e-03
4.823942317397526131e-03
4.843387935330202392e-03
5.486307369422206530e-03
5.448919845699692552e-03
5.419632445251136056e-03
4.935208031421902362e-03
4.909814491668149095e-03
5.372059781826379887e-03
5.316085604127519619e-03
5.282173085839857174e-03
5.008063834405380825e-03
5.035113519639870111e-03
5.127427883629898792e-03
5.355905562074406330e-03
5.062961172705072836e-03
5.205273389188928325e-03
5.236366691438032808e-03
4.906530564078798520e-03
5.101408568747190821e-03
5.345463193594217864e-03
5.247265404118463608e-03
5.075675395152670979e-03
4.991597761053198287e-03
4.743845016897090504e-03
4.782579768599778784e-03
4.800830799558578922e-03
4.706729220728899342e-03
4.662915272916386654e-03
4.653800048316767725e-03
4.594460125508621588e-03
4.615311639745219886e-03
4.547241436850532788e-03
4.523303691699302222e-03
4.499588129852189443e-03
4.470712319023116901e-03
4.421968316190562527e-03
4.443743937703731502e-03
4.398263347335769000e-03
4.363135854450877864e-03
4.370972880553693207e-03
4.325106218150256109e-03
4.304329694976071451e-03
4.267989483640002857e-03
4.250383063234583307e-03
4.227372569978095178e-03
4.203092384471323120e-03
4.151263119141825400e-03
4.095120843307793225e-03
4.143980859280555797e-03
4.190083103412187496e-03
4.041462561103041640e-03
4.078124869918473006e-03
4.011052874255349732e-03
3.992882410812545989e-03
3.932000017215338261e-03
3.965357059842280520e-03
3.973282284044927191e-03
3.917141904005703480e-03
3.899333757723908410e-03
3.875759721941230210e-03
3.857706594145181214e-03
3.892535088119855949e-03
3.818417936255887220e-03
3.805934233543423716e-03
3.755306220363217179e-03
3.739881586737068241e-03
3.723302514718712479e-03
3.703773013433657880e-03
3.680999788037443363e-03
3.646379012774317134e-03
3.659752239168853182e-03
3.496025789147232631e-03
3.542855752347373339e-03
3.591466693646547075e-03
3.565456946812467238e-03
3.588858350412456322e-03
3.481299503653818069e-03
3.440778176327294584e-03
3.463370062011550312e-03
2.542218524863212523e-03
3.414827127941542396e-03
3.459551406006087636e-03
3.395084707395384926e-03
2.564146587605735123e-03
2.578247995730573606e-03
3.360581893202918384e-03
3.347821346475625924e-03
3.309857507952684505e-03
3.325692982768118939e-03
3.276219145902525224e-03
2.603405115111701463e-03
2.619484162052198098e-03
3.257909378169477309e-03
3.246205754873274403e-03
3.235718386056969220e-03
3.205370494703240099e-03
2.639191847922624408e-03
2.649977057826574667e-03
3.179022046569962394e-03
3.146124798386515462e-03
3.165062402124742529e-03
2.677278657066979768e-03
2.680864257096349668e-03
2.706972333719114172e-03
3.110701418835670577e-03
2.723578472455653529e-03
3.120673627221477470e-03
2.742338001649479579e-03
2.749318000675522299e-03
3.072435292795541815e-03
3.061735428068294677e-03
3.049972651973546951e-03
2.778075365381025424e-03
2.806090540968440416e-03
2.790303874122945955e-03
2.829946646105907342e-03
3.012529549428586296e-03
2.996760849808739226e-03
2.927535619846833356e-03
2.872072752944142618e-03
2.949146370553573648e-03
3.005557987946035590e-03
2.856566076190783770e-03
2.840758853945601816e-03
2.954754680026975677e-03
2.895927205618693042e-03
2.899291577247785617e-03
2.393818763796638164e-03
2.407642046219686700e-03
2.422290141043760558e-03
2.443963790474336113e-03
2.467274706736516301e-03
2.495778359568874387e-03
2.513199121689213642e-03
2.457229541476668635e-03
2.535574794096816589e-03
2.026551464391346258e-04
2.160603239150710609e-03
2.173213495305613158e-03
2.203272484499044226e-03
2.375323606209382103e-03
2.317338780599127821e-03
2.264233261709556848e-03
2.234351884611908336e-03
2.248778993710986648e-03
2.236052556204933331e-03
2.188365292351244183e-03
2.350284610947153338e-03
2.360652442043884545e-03
2.329612361538279351e-03
2.335175567119476044e-03
2.292034276234606455e-03
2.129924954941925935e-03
2.154568571954983310e-03
2.118044808783340130e-03
2.098254257534065172e-03
2.087412422923865928e-03
2.078839969411453749e-03
2.069632857618461125e-03
2.040670474187923807e-03
2.044720971530683030e-03
2.048003653625290240e-03
2.003771055145402678e-03
1.724765173727821907e-03
1.991480010582131858e-03
1.974020694627387669e-03
1.961579311213476184e-03
1.952707627480961862e-03
1.778259530643298966e-03
1.796409769111610450e-03
1.937752599102603515e-03
1.929822208632531915e-03
1.769581419661920337e-03
1.852555320001167362e-03
1.832075156753851285e-03
1.867220053772003291e-03
1.882386147243631565e-03
1.887269537250234981e-03
1.922830539600907081e-03
1.817770801768331867e-03
1.789702260919612091e-03
1.898611867369406686e-03
1.820381022601998003e-03
1.698751870664753048e-03
1.751805690779970927e-03
1.742133959475251513e-03
1.704927174820050758e-03
1.666881730718285624e-03
1.694746626759449475e-03
1.654622057729850972e-03
1.626791895411529906e-03
1.673676303972435357e-03
1.633050451282295210e-03
1.619132793931207575e-03
1.607174225556556564e-03
1.600022401494723525e-03
1.590837910003612722e-03
1.563437951690322021e-03
1.115921616689440152e-03
1.122950494656702264e-03
1.553417304915219021e-03
1.136036408188807615e-03
1.541920405826352784e-03
1.534336947544193575e-03
1.528683519832046631e-03
1.516453027334777959e-03
1.507799250013597053e-03
1.147897219100306194e-03
1.164867100120478734e-03
1.483147967875247377e-03
1.171723409653104573e-03
1.471157997056550017e-03
1.462142495628817760e-03
1.455844409741780194e-03
1.189914012857387930e-03
1.193408712056517450e-03
1.202581973670890534e-03
1.210985373751306523e-03
1.435704578388489767e-03
1.417163480318974411e-03
1.436786279245582613e-03
1.371953390238175516e-03
1.378574881919783545e-03
1.397138124538765827e-03
1.349718691046541789e-03
1.223094470493344028e-03
1.227401539514554052e-03
1.332498328971862224e-03
1.423682319936390647e-03
1.252392352663579071e-03
1.245531226902140982e-03
1.234610661338016602e-03
1.272857207247868024e-03
1.289503722140199204e-03
1.401851552205389886e-03
1.316429750830097785e-03
1.282399883441801523e-03
1.299476686273839336e-03
1.364943125964851803e-03
1.308490961456917597e-03
1.308850170839452251e-03
1.057910641235197116e-03
1.101267993734299450e-03
1.073008770759115247e-03
1.088498078942026770e-03
1.080379788961570138e-03
1.096556681412867587e-03
1.079346444178816032e-03
1.642638497326104428e-04
1.823520650305051152e-04
1.857088674199409474e-04
1.936905029407534401e-04
2.105721745828271878e-04
2.136832164743516214e-04
2.145722454548614920e-04
2.198084224874031556e-04
8.886419623090174294e-04
1.054639611294733810e-03
8.971933119498198307e-04
9.029841768719436453e-04
9.114445871133731872e-04
1.025692973858668327e-03
1.040791616901297085e-03
1.011384129881209024e-03
9.406361012234573616e-04
9.524840412349175767e-04
1.038457882718431778e-03
1.006828652494107332e-03
9.924816657756727924e-04
9.758441988893321040e-04
9.220858506861853449e-04
1.003077025338491727e-03
9.578896612115076013e-04
9.845469963754430783e-04
9.264252379548667832e-04
9.615692328215058983e-04
1.036128301751195737e-03
9.701735245561535692e-04
2.262672502622435665e-04
2.339538087548757200e-04
2.383132061619127164e-04
2.429744008812765471e-04
2.473352977185145035e-04
2.643231979885514536e-04
2.591910953125740012e-04
2.560741617211835519e-04
2.691188887799912752e-04
2.784540699352033269e-04
2.722084867855250495e-04
2.871133617536456755e-04
3.033037016734005820e-04
3.097391177258589654e-04
3.187608881280526180e-04
8.711730177123428115e-04
8.810410531524453864e-04
8.661163687213784077e-04
8.584617379687915772e-04
7.987449451057064727e-04
8.492909639075734915e-04
8.448444128393383214e-04
8.238391499546378295e-04
8.367624368620892646e-04
8.159689585248093612e-04
7.890289315261047286e-04
8.390032028286228787e-04
7.119231146896468250e-04
7.756924345504101134e-04
7.637705498692757503e-04
7.622426529835403921e-04
8.092516111162346374e-04
8.189932668600736002e-04
7.844083386394258561e-04
7.415378892171030660e-04
7.439365211778625319e-04
7.537710417791647398e-04
7.323917073130284481e-04
7.339580174592786471e-04
2.908921647712150700e-04
7.059617231394682947e-04
2.975444900071996476e-04
2.949578734381712785e-04
7.227932690279877158e-04
2.965030575925971853e-04
6.967027891340947651e-04
6.946621926736760294e-04
3.121458029147503119e-04
6.723316225458518623e-04
6.755436308749325014e-04
6.657270885156239392e-04
3.267419929202995503e-04
3.337892247189545164e-04
5.445999513826651345e-04
5.690708546197836577e-04
5.845453977727633034e-04
6.616447895552908000e-04
6.020800940303883565e-04
4.974928835295572283e-04
3.357299186848501410e-04
4.884305984107184225e-04
4.389514788380276386e-04
4.501340715950811382e-04
4.688398582787203675e-04
3.447422394295784182e-04
6.546311264804784624e-04
3.468608160586894237e-04
4.289399853131950014e-04
4.253380107359905327e-04
3.666658040177468714e-04
4.198418336413192861e-04
3.592757141679178831e-04
6.164270638709310173e-04
4.142238418196324159e-04
3.738817805091982954e-04
6.391371027669890542e-04
3.544923637348984091e-04
6.233922572673877968e-04
6.357402554944675778e-04
4.561312827467728544e-04
3.416379340035200830e-04
3.770730893138086407e-04
3.868016461334595471e-04
4.075784395306708313e-04
6.511469342343244662e-04
6.311154816341916400e-04
6.207672390804368050e-04
6.082062064843629439e-04
5.909330712565806889e-04
3.805209121098543021e-04
5.789240232842586108e-04
3.833394570735295889e-04
3.966733782328012549e-04
3.954672901902223157e-04
5.624609688226792862e-04
5.644862843710345352e-04
3.909848475011415132e-04
4.546808522792127028e-04
5.805597949936214123e-04
4.619664857483916660e-04
4.923402268653152359e-04
4.785294290025380280e-04
5.159514986394270111e-04
5.074515562381186253e-04
4.064408045936016966e-04
5.251817929347350148e-04
5.345470397367287898e-04
4.755655932192543226e-04
4.742787102197844199e-04
5.060608978074667341e-04
5.543049374085839542e-04
5.221931741792963178e-04
5.305384925490717277e-04
5.349866234830219286e-04
1.847911636016022580e-14
1.727053826408126292e-14
1.727053826408126292e-14
1.614881015967864861e-14
1.614881015967864861e-14
1.629199533309031973e-14
1.629199533309031973e-14
1.038707523073062880e-14
1.038707523073062880e-14
1.566220450733762161e-14
1.514005787705336916e-14
1.495136867222910325e-14
1.495136867222910325e-14
1.452420206309179995e-14
1.452420206309179995e-14
1.467924313814480830e-14
1.411104873616706354e-14
1.411104873616706354e-14
1.432319258127041815e-14
1.432319258127041815e-14
1.399495925279098107e-14
1.390054158708442982e-14
1.369500424967924866e-14
1.369500424967924866e-14
1.327541953849915343e-14
1.327541953849915343e-14
1.301044530405672971e-14
1.301044530405672971e-14
1.327083639183979951e-14
1.327083639183979951e-14
1.289841435571572373e-14
1.289841435571572373e-14
1.259433120639300240e-14
1.289637292412747844e-14
1.617041944690669404e-14
1.617041944690669404e-14
1.621687233994133788e-14
1.621687233994133788e-14
1.574647522805038501e-14
1.574647522805038501e-14
1.508019691187405085e-14
1.508019691187405085e-14
1.472283137825301468e-14
1.251495945609468279e-14
1.251495945609468279e-14
1.342259064255570594e-14
1.342259064255570594e-14
1.394468540393602843e-14
1.394468540393602843e-14
1.419344768320495248e-14
1.419344768320495248e-14
1.406732545477812950e-14
1.280474660810446060e-14
1.280474660810446060e-14
1.380643388778905785e-14
1.380643388778905785e-14
1.364011665815996958e-14
1.315717086045872322e-14
1.315717086045872322e-14
1.336317397308908212e-14
1.321650520716402527e-14
1.311832978921398013e-14
1.311832978921398013e-14
1.247016548473265235e-14
1.247016548473265235e-14
1.276812444527441757e-14
8.952875233197597701e-15
8.952875233197597701e-15
9.339355513772953273e-15
9.339355513772953273e-15
1.191238936444939836e-14
1.191238936444939836e-14
1.047995503897157003e-14
1.047995503897157003e-14
1.210800211183008782e-14
1.210800211183008782e-14
1.214972750146723314e-14
1.115422839386572383e-14
1.115422839386572383e-14
1.186353205035305405e-14
1.186353205035305405e-14
1.192212748968202593e-14
1.155809110634353014e-14
1.155809110634353014e-14
1.157543986714977320e-14
1.129440057408873842e-14
1.129440057408873842e-14
1.133256474900336065e-14
1.124700341282075451e-14
1.119853342272639592e-14
1.084205248766247486e-14
1.084205248766247486e-14
1.164350676587264458e-14
1.164350676587264458e-14
1.216208409378936185e-14
1.216208409378936185e-14
1.052154043301869705e-14
1.239803370088747025e-14
1.236340958210029517e-14
1.236340958210029517e-14
1.204873901461668973e-14
1.193282854475563667e-14
1.193282854475563667e-14
1.083706889863200021e-14
1.078989267215012343e-14
1.146008685703192917e-14
1.146008685703192917e-14
1.172175389408192535e-14
1.172175389408192535e-14
1.064107275339433306e-14
1.064107275339433306e-14
1.124587093958132439e-14
1.141293218104935328e-14
1.141293218104935328e-14
1.060110349577857692e-14
1.060110349577857692e-14
1.084509202895015956e-14
1.084509202895015956e-14
1.065737313602756478e-14
1.101098610402625237e-14
1.096085046826642740e-14
7.856328572614831588e-15
7.856328572614831588e-15
8.410811658542157823e-15
8.410811658542157823e-15
1.041066935181210908e-14
1.041066935181210908e-14
1.011779846591417297e-14
1.011779846591417297e-14
1.028103924163854659e-14
1.028103924163854659e-14
1.038049547793402199e-14
1.043743515022189744e-14
1.043743515022189744e-14
9.779396701870105330e-15
9.779396701870105330e-15
1.011873367789471284e-14
9.987573785744524566e-15
9.987573785744524566e-15
1.003378446719946756e-14
9.429005633833685471e-15
9.429005633833685471e-15
1.023141782204194723e-14
9.640615508884011172e-15
9.640615508884011172e-15
1.007727314814137269e-14
9.774330672625354621e-15
9.774330672625354621e-15
9.604434452513219079e-15
9.604434452513219079e-15
9.763231716157216719e-15
9.922315013898817216e-15
9.922315013898817216e-15
9.616591607416408790e-15
9.274790910772340597e-15
9.274790910772340597e-15
9.388989570575409762e-15
9.388989570575409762e-15
4.811295775881466742e-15
4.811295775881466742e-15
8.478289663227655179e-15
8.478289663227655179e-15
8.850725056820155583e-15
8.850725056820155583e-15
8.466215668223651427e-15
8.466215668223651427e-15
8.804527051376473975e-15
8.804527051376473975e-15
9.179609328725741349e-15
9.179609328725741349e-15
8.652709811872054664e-15
8.652709811872054664e-15
8.842525910028578540e-15
8.842525910028578540e-15
8.858566022249669411e-15
8.858566022249669411e-15
9.465627421259050024e-15
9.352339061393328141e-15
9.352339061393328141e-15
9.134919090665292852e-15
9.134919090665292852e-15
8.890923016210236449e-15
9.106014408784439325e-15
8.818254637652287643e-15
8.634761021073476919e-15
8.634761021073476919e-15
8.848412796509552430e-15
8.848412796509552430e-15
9.062106344910828656e-15
1.624979506782046172e-15
1.624979506782046172e-15
3.600524763353327319e-15
3.600524763353327319e-15
7.352970937364194711e-15
7.352970937364194711e-15
7.331633046217359719e-15
7.331633046217359719e-15
8.117335322853328368e-15
8.117335322853328368e-15
8.409795541000784756e-15
8.409795541000784756e-15
7.921676914027594370e-15
7.921676914027594370e-15
8.472218162994847886e-15
8.690447572100178355e-15
8.329393840049700942e-15
8.329393840049700942e-15
8.051772400850094501e-15
8.174182450271610514e-15
8.174182450271610514e-15
8.204807158915428094e-15
8.204807158915428094e-15
8.366661216046617197e-15
8.366661216046617197e-15
8.350532335865516099e-15
8.350532335865516099e-15
8.217486738469524583e-15
4.050050336757765457e-15
4.050050336757765457e-15
7.501844478882347016e-15
7.501844478882347016e-15
7.568746998091664535e-15
7.568746998091664535e-15
7.935016862256544391e-15
7.935016862256544391e-15
7.752081029676533255e-15
7.752081029676533255e-15
7.896409636198270371e-15
7.510753654513048934e-15
7.510753654513048934e-15
7.921996949392183759e-15
7.632485738343008987e-15
7.632485738343008987e-15
7.747189871433989376e-15
7.747189871433989376e-15
7.285122168806389495e-15
7.285122168806389495e-15
7.485247951041320329e-15
7.613767255003503691e-15
7.536380561928921404e-15
2.506480761625687627e-16
2.506480761625687627e-16
5.268072569511217800e-15
5.268072569511217800e-15
5.998369070982876367e-15
5.998369070982876367e-15
5.615578786470734771e-15
5.615578786470734771e-15
6.923523605836682719e-15
6.923523605836682719e-15
5.944266986703846867e-15
5.944266986703846867e-15
7.058135056780254796e-15
7.058135056780254796e-15
7.170843669641176079e-15
7.170843669641176079e-15
7.198329674072497206e-15
7.213703631056137028e-15
7.213703631056137028e-15
7.011958804605100837e-15
7.011958804605100837e-15
6.980243120254771536e-15
6.980243120254771536e-15
7.077241912778506407e-15
7.077241912778506407e-15
7.020110024721657916e-15
7.020110024721657916e-15
7.025838921118990507e-15
6.594462986600551177e-15
6.594462986600551177e-15
6.377086112100166602e-15
6.377086112100166602e-15
6.609596032022977667e-15
6.609596032022977667e-15
6.305973859918947193e-15
6.305973859918947193e-15
6.765136642364052771e-15
6.765136642364052771e-15
6.803122171335439354e-15
6.571169050430525588e-15
6.571169050430525588e-15
6.564938291276790358e-15
6.564938291276790358e-15
1.930253614035907349e-15
1.930253614035907349e-15
3.962876743775306076e-15
3.962876743775306076e-15
4.705305742809071274e-15
4.705305742809071274e-15
6.102836094497298681e-15
6.102836094497298681e-15
6.390521944280173102e-15
6.390521944280173102e-15
5.792331637239971028e-15
5.792331637239971028e-15
5.125687335317456914e-15
5.125687335317456914e-15
6.212023943773572539e-15
6.144226183195163506e-15
6.144226183195163506e-15
6.002592468746189931e-15
6.002592468746189931e-15
6.583648304211672276e-15
4.938723073163210106e-15
4.938723073163210106e-15
5.398683150159883785e-15
5.398683150159883785e-15
5.713803614247815621e-15
5.713803614247815621e-15
6.442945313747134618e-15
5.782327584270873091e-15
5.782327584270873091e-15
5.701631485953175945e-15
4.976866021694016353e-15
4.976866021694016353e-15
6.317969522168833902e-15
6.317969522168833902e-15
5.452767258178968394e-15
5.452767258178968394e-15
6.227944058668429656e-15
6.065768924679016591e-15
6.065768924679016591e-15
5.562423363036096417e-15
5.562423363036096417e-15
6.028850297551628268e-15
5.960086774025535083e-15
5.960086774025535083e-15
5.410094072820507061e-15
5.410094072820507061e-15
5.834287024827773650e-15
5.169062609200986403e-15
5.169062609200986403e-15
5.650358115583881039e-15
5.650358115583881039e-15
5.785805515196764842e-15
5.251729073840399726e-15
5.251729073840399726e-15
5.564657240575908384e-15
5.082309593574770148e-15
5.082309593574770148e-15
5.319786243171566652e-15
5.197921650933124200e-15
5.295390728844142182e-15
2.912755084639224444e-15
2.912755084639224444e-15
4.642073330206115457e-15
4.642073330206115457e-15
4.827001444033515505e-15
4.827001444033515505e-15
4.740540383504859545e-15
4.740540383504859545e-15
4.920948188831970687e-15
4.985433416601023591e-15
4.823227074103731558e-15
4.823227074103731558e-15
2.808363499018892019e-15
2.808363499018892019e-15
4.214125388398263437e-15
4.214125388398263437e-15
4.167681427683934802e-15
4.167681427683934802e-15
4.581268139841763901e-15
4.581268139841763901e-15
4.584223949788428540e-15
4.584223949788428540e-15
4.557792405279598942e-15
4.576209422126438044e-15
4.576209422126438044e-15
4.550464074910836083e-15
4.550464074910836083e-15
5.463937630764570525e-16
5.463937630764570525e-16
1.658120230199319286e-15
1.658120230199319286e-15
2.855135856261719951e-15
2.855135856261719951e-15
3.438094448192909199e-15
3.438094448192909199e-15
3.988504980374495855e-15
3.988504980374495855e-15
3.903903862257720194e-15
3.903903862257720194e-15
4.265619146355351621e-15
4.265619146355351621e-15
4.393888129373429510e-15
4.408493151527025070e-15
4.408493151527025070e-15
4.231604923832288914e-15
4.231604923832288914e-15
4.433290675186378425e-15
3.912353711348419552e-15
3.912353711348419552e-15
4.179217746350442807e-15
4.131825515057290972e-15
4.131825515057290972e-15
4.308438658578533883e-15
4.228424011258687779e-15
4.228424011258687779e-15
2.676067606607393091e-16
2.676067606607393091e-16
4.089759635261511024e-15
3.594851926385156995e-15
3.594851926385156995e-15
3.837071037796076911e-15
3.837071037796076911e-15
2.804190629455362740e-15
2.804190629455362740e-15
3.194249064204698399e-15
3.194249064204698399e-15
3.575003217217262513e-15
3.575003217217262513e-15
3.956098776146382090e-15
2.118685198919716320e-15
2.118685198919716320e-15
2.922727870100229959e-15
2.922727870100229959e-15
3.875822731445396151e-15
3.875822731445396151e-15
3.292297080422259894e-15
3.292297080422259894e-15
3.615395443509494226e-15
3.615395443509494226e-15
3.694882404587149803e-15
3.694882404587149803e-15
3.456895618043766778e-15
3.456895618043766778e-15
3.513102833318525738e-15
3.116402935688312476e-15
3.116402935688312476e-15
3.683353100865945653e-15
3.683353100865945653e-15
3.515393274620328659e-15
3.515393274620328659e-15
3.140210247062858799e-15
3.140210247062858799e-15
3.240100469462914946e-15
3.263190402103479861e-15
3.263190402103479861e-15
3.145557172610112652e-15
2.853581849043835677e-15
2.853581849043835677e-15
3.012347207470551270e-15
3.012347207470551270e-15
3.215318743562880598e-15
2.630968179626724199e-15
2.630968179626724199e-15
2.812439816841484589e-15
2.812439816841484589e-15
2.654776191883740692e-15
2.654776191883740692e-15
1.408706843362992871e-15
1.408706843362992871e-15
1.578372742276284517e-15
1.578372742276284517e-15
2.245510661908256459e-15
2.245510661908256459e-15
2.256872880880865164e-15
2.256872880880865164e-15
2.949526672780911233e-15
3.100937656896775306e-15
2.638728113853549757e-15
2.638728113853549757e-15
2.839620970820715507e-15
8.491570939888364228e-16
8.491570939888364228e-16
4.369309783542735016e-16
4.369309783542735016e-16
4.466176744092782471e-16
4.466176744092782471e-16
1.071552639644880997e-15
1.071552639644880997e-15
2.029866610173064059e-15
2.029866610173064059e-15
1.446345331576758983e-15
1.446345331576758983e-15
2.052224444571354317e-15
2.052224444571354317e-15
2.724626658987268722e-15
2.724626658987268722e-15
3.005124913013896053e-15
2.247479115376636264e-15
2.247479115376636264e-15
2.406914583985860004e-15
2.406914583985860004e-15
2.549531422572151955e-15
2.527912886241517935e-15
2.527912886241517935e-15
2.274993661835368167e-15
2.274993661835368167e-15
2.516544141209785754e-15
2.516544141209785754e-15
1.341429443369696162e-15
1.341429443369696162e-15
2.426333765023023929e-15
2.426333765023023929e-15
2.236956660749507964e-15
1.969077940992144854e-15
1.969077940992144854e-15
2.159545068316318646e-15
2.088587431779117164e-15
8.064842568411069507e-16
8.064842568411069507e-16
7.698634264804693864e-16
7.698634264804693864e-16
1.019488823749558574e-15
1.019488823749558574e-15
1.684235125627819064e-16
1.684235125627819064e-16
1.476733518979535444e-15
1.476733518979535444e-15
4.777936640281874106e-16
4.777936640281874106e-16
1.613560399506914662e-15
1.613560399506914662e-15
1.809454598944034941e-15
1.809454598944034941e-15
1.762159353542335636e-17
1.762159353542335636e-17
1.982641871307499742e-15
1.123984231192579999e-15
1.123984231192579999e-15
1.854672071683979642e-15
1.854672071683979642e-15
1.582366726226454978e-15
1.582366726226454978e-15
1.859043337843097815e-15
1.202688912683677213e-15
1.202688912683677213e-15
1.688453510431472612e-15
1.688453510431472612e-15
1.573595318332993557e-15
1.573595318332993557e-15
1.437685783268268152e-15
1.437685783268268152e-15
1.660378105228757553e-15
1.494057062759572709e-15
1.475111562027208973e-15
1.251108006955556893e-15
1.246793358955915848e-15
1.246793358955915848e-15
8.733112534572510125e-16
8.733112534572510125e-16
1.046183665843532223e-15
1.148708383397533771e-15
6.866625224644371039e-16
6.866625224644371039e-16
1.039435195037439991e-15
1.039435195037439991e-15
7.151100935147292175e-16
7.151100935147292175e-16
3.405560200388976295e-16
3.405560200388976295e-16
5.153580721592755020e-17
5.153580721592755020e-17
4.543838851356284514e-16
4.543838851356284514e-16
4.203503156078622525e-16
4.203503156078622525e-16
1.387345131474071839e-15
4.577701262729903832e-16
7.123937866732360379e-16
7.915219899775544696e-16
1.045130852391248256e-16
1.045130852391248256e-16
4.993064911254382469e-17
6.234468917099073586e-16
3.030155951631878055e-16
5.141392907277401970e-16
5.141392907277401970e-16
3.661158960457382446e-16
2.784008806531007410e-16
